{
  "nbformat": 4,
  "nbformat_minor": 0,
  "metadata": {
    "colab": {
      "name": "C ML4IOT_COLAB.ipynb",
      "provenance": [],
      "collapsed_sections": [],
      "toc_visible": true,
      "machine_shape": "hm",
      "authorship_tag": "ABX9TyN3/o//Ngv0wqyZjeQfspuA",
      "include_colab_link": true
    },
    "kernelspec": {
      "name": "python3",
      "display_name": "Python 3"
    },
    "accelerator": "TPU"
  },
  "cells": [
    {
      "cell_type": "markdown",
      "metadata": {
        "id": "view-in-github",
        "colab_type": "text"
      },
      "source": [
        "<a href=\"https://colab.research.google.com/github/sdasmaha/Ml_Engineers_445/blob/master/C_ML4IOT_COLAB.ipynb\" target=\"_parent\"><img src=\"https://colab.research.google.com/assets/colab-badge.svg\" alt=\"Open In Colab\"/></a>"
      ]
    },
    {
      "cell_type": "markdown",
      "metadata": {
        "id": "N8L4nTDkVaof"
      },
      "source": [
        "This project is divided into Sections. Would suggest to open with the colab link for better viewing .\n",
        "\n",
        "Colab Link = https://colab.research.google.com/drive/19rwqFr7jCUlW47K_o7452cgQOXEzc4Fm?usp=sharing\n",
        "\n",
        "\n"
      ]
    },
    {
      "cell_type": "markdown",
      "metadata": {
        "id": "-dRNQBJWYGFu"
      },
      "source": [
        "All the sensor data for 6 sensors are worked on but only with activity labels jumping, lying, standing.\n",
        "\n",
        "The remaining 4 activity labels is a challenge that could not be met due to time constraints."
      ]
    },
    {
      "cell_type": "markdown",
      "metadata": {
        "id": "yNwUCBlfrTM2"
      },
      "source": [
        "#Subject Details HAR DATASET\n",
        "\n",
        "* Subject:12\n",
        "*  Gender:Female\n",
        "*  Age:16\n",
        "*  Height:164 cm\n",
        "*  Weight:54 kg\n",
        "*  Occupation: Pupil\n",
        "\n",
        "\n"
      ]
    },
    {
      "cell_type": "markdown",
      "metadata": {
        "id": "2ski6qSmW28r"
      },
      "source": [
        "#Importing the Libraries"
      ]
    },
    {
      "cell_type": "code",
      "metadata": {
        "id": "t0r0vQa5K5wr"
      },
      "source": [
        "import pandas as pd\n",
        "import numpy as np\n",
        "import os\n",
        "import matplotlib as plt\n",
        "from matplotlib import pyplot"
      ],
      "execution_count": 47,
      "outputs": []
    },
    {
      "cell_type": "code",
      "metadata": {
        "id": "R_SV_3gTK-lT",
        "outputId": "4bef248d-cae1-4c73-d433-dded3ba105f8",
        "colab": {
          "base_uri": "https://localhost:8080/",
          "height": 204
        }
      },
      "source": [
        "!pip install dtw"
      ],
      "execution_count": 2,
      "outputs": [
        {
          "output_type": "stream",
          "text": [
            "Collecting dtw\n",
            "  Downloading https://files.pythonhosted.org/packages/66/a0/21d6ec377b8d5832218700e236205f8cdea38b3b2cdd0a732be170e2809b/dtw-1.4.0.tar.gz\n",
            "Requirement already satisfied: numpy in /usr/local/lib/python3.6/dist-packages (from dtw) (1.18.5)\n",
            "Requirement already satisfied: scipy in /usr/local/lib/python3.6/dist-packages (from dtw) (1.4.1)\n",
            "Building wheels for collected packages: dtw\n",
            "  Building wheel for dtw (setup.py) ... \u001b[?25l\u001b[?25hdone\n",
            "  Created wheel for dtw: filename=dtw-1.4.0-cp36-none-any.whl size=5315 sha256=d446f8a3868031da56b33f9789fe0ac5ebbbfdc48dc6c270c2fd9cdb22020500\n",
            "  Stored in directory: /root/.cache/pip/wheels/8c/8b/7a/947d67b53cd54948890a173527b0470ef56998812fc9d0a803\n",
            "Successfully built dtw\n",
            "Installing collected packages: dtw\n",
            "Successfully installed dtw-1.4.0\n"
          ],
          "name": "stdout"
        }
      ]
    },
    {
      "cell_type": "code",
      "metadata": {
        "id": "eMPOc3lJLAlG"
      },
      "source": [
        "from dtw import dtw "
      ],
      "execution_count": 3,
      "outputs": []
    },
    {
      "cell_type": "code",
      "metadata": {
        "id": "akZVDnAELCDU",
        "outputId": "c825015b-8db2-4541-8778-c2732192f4e5",
        "colab": {
          "base_uri": "https://localhost:8080/",
          "height": 34
        }
      },
      "source": [
        "from google.colab import drive\n",
        "drive.mount(\"/content/gdrive\")"
      ],
      "execution_count": 4,
      "outputs": [
        {
          "output_type": "stream",
          "text": [
            "Mounted at /content/gdrive\n"
          ],
          "name": "stdout"
        }
      ]
    },
    {
      "cell_type": "markdown",
      "metadata": {
        "id": "1ocODvZib1AK"
      },
      "source": [
        "#NOTES"
      ]
    },
    {
      "cell_type": "markdown",
      "metadata": {
        "id": "q6er73pIbYRb"
      },
      "source": [
        "String Manipulation and Concatenation for loading files and working with variables done with MS.EXCEL. For future, we should using glob function.\n",
        "\n",
        "I used data split function using the \"=\" operator to idenitify and reproduce multiple lines of code written below.\n"
      ]
    },
    {
      "cell_type": "markdown",
      "metadata": {
        "id": "cvo6QqFIbcrQ"
      },
      "source": [
        "The code can be improved with using datastructures rather than for loops.\n",
        "Also each run time was about 4-5 mins due to multi-dimensionality and poor use of data structures."
      ]
    },
    {
      "cell_type": "markdown",
      "metadata": {
        "id": "QSjrrpfLcJif"
      },
      "source": [
        "\n",
        "#Acceloremeter"
      ]
    },
    {
      "cell_type": "code",
      "metadata": {
        "id": "5lGdZA0wTiwA"
      },
      "source": [
        "df_acc_jump_chest = pd.read_csv(\"/content/gdrive/My Drive/ML4IOT/Notebook 1/Jumping/acc_jumping_csv/acc_jumping_chest.csv\")\n",
        "df_acc_jump_forearm = pd.read_csv(\"/content/gdrive/My Drive/ML4IOT/Notebook 1/Jumping/acc_jumping_csv/acc_jumping_forearm.csv\")\n",
        "df_acc_jump_head = pd.read_csv(\"/content/gdrive/My Drive/ML4IOT/Notebook 1/Jumping/acc_jumping_csv/acc_jumping_head.csv\")\n",
        "df_acc_jump_shin = pd.read_csv(\"/content/gdrive/My Drive/ML4IOT/Notebook 1/Jumping/acc_jumping_csv/acc_jumping_shin.csv\")\n",
        "df_acc_jump_thigh= pd.read_csv(\"/content/gdrive/My Drive/ML4IOT/Notebook 1/Jumping/acc_jumping_csv/acc_jumping_thigh.csv\")\n",
        "df_acc_jump_upperarm = pd.read_csv(\"/content/gdrive/My Drive/ML4IOT/Notebook 1/Jumping/acc_jumping_csv/acc_jumping_upperarm.csv\")\n",
        "df_acc_jump_waist = pd.read_csv(\"/content/gdrive/My Drive/ML4IOT/Notebook 1/Jumping/acc_jumping_csv/acc_jumping_waist.csv\")\n",
        "\n",
        "df_acc_lye_chest = pd.read_csv(\"/content/gdrive/My Drive/ML4IOT/Notebook 1/Lying/acc_lying_csv/acc_lying_chest.csv\")\n",
        "df_acc_lye_forearm = pd.read_csv(\"/content/gdrive/My Drive/ML4IOT/Notebook 1/Lying/acc_lying_csv/acc_lying_forearm.csv\")\n",
        "df_acc_lye_head = pd.read_csv(\"/content/gdrive/My Drive/ML4IOT/Notebook 1/Lying/acc_lying_csv/acc_lying_head.csv\")\n",
        "df_acc_lye_shin = pd.read_csv(\"/content/gdrive/My Drive/ML4IOT/Notebook 1/Lying/acc_lying_csv/acc_lying_shin.csv\")\n",
        "df_acc_lye_thigh = pd.read_csv(\"/content/gdrive/My Drive/ML4IOT/Notebook 1/Lying/acc_lying_csv/acc_lying_thigh.csv\")\n",
        "df_acc_lye_upperarm = pd.read_csv(\"/content/gdrive/My Drive/ML4IOT/Notebook 1/Lying/acc_lying_csv/acc_lying_upperarm.csv\")\n",
        "df_acc_lye_waist = pd.read_csv(\"/content/gdrive/My Drive/ML4IOT/Notebook 1/Lying/acc_lying_csv/acc_lying_waist.csv\")\n",
        "\n",
        "df_acc_stand_chest = pd.read_csv(\"/content/gdrive/My Drive/ML4IOT/Notebook 1/Standing/acc_standing_csv/acc_standing_chest.csv\")\n",
        "df_acc_stand_forearm = pd.read_csv(\"/content/gdrive/My Drive/ML4IOT/Notebook 1/Standing/acc_standing_csv/acc_standing_forearm.csv\")\n",
        "df_acc_stand_head = pd.read_csv(\"/content/gdrive/My Drive/ML4IOT/Notebook 1/Standing/acc_standing_csv/acc_standing_head.csv\")\n",
        "df_acc_stand_shin = pd.read_csv(\"/content/gdrive/My Drive/ML4IOT/Notebook 1/Standing/acc_standing_csv/acc_standing_shin.csv\")\n",
        "df_acc_stand_thigh = pd.read_csv(\"/content/gdrive/My Drive/ML4IOT/Notebook 1/Standing/acc_standing_csv/acc_standing_upperarm.csv\")\n",
        "df_acc_stand_upperarm = pd.read_csv(\"/content/gdrive/My Drive/ML4IOT/Notebook 1/Standing/acc_standing_csv/acc_standing_upperarm.csv\")\n",
        "df_acc_stand_waist = pd.read_csv(\"/content/gdrive/My Drive/ML4IOT/Notebook 1/Standing/acc_standing_csv/acc_standing_waist.csv\")\n",
        " "
      ],
      "execution_count": 5,
      "outputs": []
    },
    {
      "cell_type": "code",
      "metadata": {
        "id": "QvnnvfKWLMip"
      },
      "source": [
        "df_acc_jump_chest = df_acc_jump_chest[['attr_x', 'attr_y', 'attr_z']].values[0:999,:]\n",
        "df_acc_jump_forearm = df_acc_jump_forearm[['attr_x', 'attr_y', 'attr_z']].values[0:999,:]\n",
        "df_acc_jump_head = df_acc_jump_head[['attr_x', 'attr_y', 'attr_z']].values[0:999,:]\n",
        "df_acc_jump_shin = df_acc_jump_shin[['attr_x', 'attr_y', 'attr_z']].values[0:999,:]\n",
        "df_acc_jump_thigh = df_acc_jump_thigh[['attr_x', 'attr_y', 'attr_z']].values[0:999,:]\n",
        "df_acc_jump_upperarm = df_acc_jump_upperarm[['attr_x', 'attr_y', 'attr_z']].values[0:999,:]\n",
        "df_acc_jump_waist = df_acc_jump_waist[['attr_x', 'attr_y', 'attr_z']].values[0:999,:]\n",
        "df_acc_lye_chest = df_acc_lye_chest[['attr_x', 'attr_y', 'attr_z']].values[0:999,:]\n",
        "df_acc_lye_forearm = df_acc_lye_forearm[['attr_x', 'attr_y', 'attr_z']].values[0:999,:]\n",
        "df_acc_lye_head = df_acc_lye_head[['attr_x', 'attr_y', 'attr_z']].values[0:999,:]\n",
        "df_acc_lye_shin = df_acc_lye_shin[['attr_x', 'attr_y', 'attr_z']].values[0:999,:]\n",
        "df_acc_lye_thigh = df_acc_lye_thigh[['attr_x', 'attr_y', 'attr_z']].values[0:999,:]\n",
        "df_acc_lye_upperarm = df_acc_lye_upperarm[['attr_x', 'attr_y', 'attr_z']].values[0:999,:]\n",
        "df_acc_lye_waist = df_acc_lye_waist[['attr_x', 'attr_y', 'attr_z']].values[0:999,:]\n",
        "df_acc_stand_chest = df_acc_stand_chest[['attr_x', 'attr_y', 'attr_z']].values[0:999,:]\n",
        "df_acc_stand_forearm = df_acc_stand_forearm[['attr_x', 'attr_y', 'attr_z']].values[0:999,:]\n",
        "df_acc_stand_head = df_acc_stand_head[['attr_x', 'attr_y', 'attr_z']].values[0:999,:]\n",
        "df_acc_stand_shin = df_acc_stand_shin[['attr_x', 'attr_y', 'attr_z']].values[0:999,:]\n",
        "df_acc_stand_thigh = df_acc_stand_thigh[['attr_x', 'attr_y', 'attr_z']].values[0:999,:]\n",
        "df_acc_stand_upperarm = df_acc_stand_upperarm[['attr_x', 'attr_y', 'attr_z']].values[0:999,:]\n",
        "df_acc_stand_waist = df_acc_stand_waist[['attr_x', 'attr_y', 'attr_z']].values[0:999,:]\n",
        "\n"
      ],
      "execution_count": 6,
      "outputs": []
    },
    {
      "cell_type": "code",
      "metadata": {
        "id": "UUaEP2mnjddU"
      },
      "source": [
        "acc_jump = [df_acc_jump_chest,df_acc_jump_forearm,df_acc_jump_head,df_acc_jump_shin,df_acc_jump_thigh,df_acc_jump_upperarm,df_acc_jump_waist]\n",
        "acc_lye = [df_acc_lye_chest,df_acc_lye_forearm ,df_acc_lye_head,df_acc_lye_shin,df_acc_lye_thigh,df_acc_lye_upperarm,df_acc_lye_waist]\n",
        "acc_stand = [df_acc_stand_chest,df_acc_stand_forearm ,df_acc_stand_head,df_acc_stand_shin,df_acc_stand_thigh,df_acc_stand_upperarm,df_acc_stand_waist]"
      ],
      "execution_count": 7,
      "outputs": []
    },
    {
      "cell_type": "markdown",
      "metadata": {
        "id": "MZ-fVVLyKvKF"
      },
      "source": [
        "Running 2 for loops "
      ]
    },
    {
      "cell_type": "code",
      "metadata": {
        "id": "X9-szPPHLWN8",
        "outputId": "de987da2-f89a-48e8-9ab0-372a6870eed7",
        "colab": {
          "base_uri": "https://localhost:8080/",
          "height": 306
        }
      },
      "source": [
        "results = []\n",
        "for i in acc_jump:\n",
        "  for j in acc_jump:\n",
        "    euclidean_distance =  lambda i,j: np.linalg.norm(i-j)\n",
        "    d, cost_matrix, acc_cost_matrix, path = dtw(i, j, dist = euclidean_distance)\n",
        "    results.append(d)\n",
        "\n",
        "np.hstack(results)"
      ],
      "execution_count": null,
      "outputs": [
        {
          "output_type": "execute_result",
          "data": {
            "text/plain": [
              "array([    0.        , 14829.15491897, 12986.42782376,  7708.46421049,\n",
              "        4076.84240386,  3977.11243373, 13250.36862331, 10983.17121063,\n",
              "       14892.54574511, 14299.77810531, 10760.00334833, 11289.04306081,\n",
              "       10722.38032688, 14520.56983296, 14829.15491897,     0.        ,\n",
              "           0.        , 14829.15491897, 12986.42782376,  7708.46421049,\n",
              "        4076.84240386,  3977.11243373, 13250.36862331, 14829.15491897,\n",
              "           0.        ,  7118.26461695, 18231.69102728, 15130.71907549,\n",
              "       15712.80605172, 15116.1820829 , 12986.42782376,  7118.26461695,\n",
              "           0.        , 16242.84478079, 12389.5922458 , 13028.63271817,\n",
              "       14231.19211889,  7708.46421049, 18231.69102728, 16242.84478079,\n",
              "           0.        ,  9044.31104928,  8114.73716577, 13453.91952204,\n",
              "        4076.84240386, 15130.71907549, 12389.5922458 ,  9044.31104928,\n",
              "           0.        ,  4089.15431973, 14362.97202891,  3977.11243373,\n",
              "       15712.80605172, 13028.63271817,  8114.73716577,  4089.15431973,\n",
              "           0.        , 13599.61402047, 13250.36862331, 15116.1820829 ,\n",
              "       14231.19211889, 13453.91952204, 14362.97202891, 13599.61402047,\n",
              "           0.        ])"
            ]
          },
          "metadata": {
            "tags": []
          },
          "execution_count": 12
        }
      ]
    },
    {
      "cell_type": "code",
      "metadata": {
        "id": "8TVmpLGNLTnu",
        "outputId": "a2cb525b-153a-4d8e-cd4b-c0b4cc23cb4a",
        "colab": {
          "base_uri": "https://localhost:8080/",
          "height": 238
        }
      },
      "source": [
        "results1 = []\n",
        "for i in acc_lye:\n",
        "  for j in acc_lye:\n",
        "    euclidean_distance =  lambda i,j: np.linalg.norm(i-j)\n",
        "    d, cost_matrix, acc_cost_matrix, path = dtw(i, j, dist = euclidean_distance)\n",
        "    results1.append(d)\n",
        "\n",
        "np.hstack(results1)\n"
      ],
      "execution_count": null,
      "outputs": [
        {
          "output_type": "execute_result",
          "data": {
            "text/plain": [
              "array([    0.        , 15470.15069445,  9635.83886849, 10975.85176031,\n",
              "        3103.85770831,  7033.99649456,  9117.51836155, 15470.15069445,\n",
              "           0.        , 13666.20012   , 18043.50200591, 14005.59348752,\n",
              "       17610.54798477, 12355.45566421,  9635.83886849, 13666.20012   ,\n",
              "           0.        , 11954.82799191,  8837.85382706,  7308.71788802,\n",
              "       14980.02634949, 10975.85176031, 18043.50200591, 11954.82799191,\n",
              "           0.        , 11635.57755591,  7099.3992894 , 16703.00187272,\n",
              "        3103.85770831, 14005.59348752,  8837.85382706, 11635.57755591,\n",
              "           0.        ,  7321.51868871,  8544.0977147 ,  7033.99649456,\n",
              "       17610.54798477,  7308.71788802,  7099.3992894 ,  7321.51868871,\n",
              "           0.        , 14692.71693826,  9117.51836155, 12355.45566421,\n",
              "       14980.02634949, 16703.00187272,  8544.0977147 , 14692.71693826,\n",
              "           0.        ])"
            ]
          },
          "metadata": {
            "tags": []
          },
          "execution_count": 19
        }
      ]
    },
    {
      "cell_type": "code",
      "metadata": {
        "id": "wNY1bBOjkAQZ",
        "outputId": "978f6b8e-c1f8-4607-979f-b5dc17cd3525",
        "colab": {
          "base_uri": "https://localhost:8080/",
          "height": 238
        }
      },
      "source": [
        "results3 = []\n",
        "for i in acc_stand:\n",
        "  for j in acc_stand:\n",
        "    euclidean_distance =  lambda i,j: np.linalg.norm(i-j)\n",
        "    d, cost_matrix, acc_cost_matrix, path = dtw(i, j, dist = euclidean_distance)\n",
        "    results3.append(d)\n",
        "\n",
        "np.hstack(results3)"
      ],
      "execution_count": null,
      "outputs": [
        {
          "output_type": "execute_result",
          "data": {
            "text/plain": [
              "array([    0.        , 16569.97633088, 13925.13694733,  3157.52408422,\n",
              "        1975.92219426,  1975.92219426, 12691.39775829, 16569.97633088,\n",
              "           0.        ,  4110.09703947, 15270.06995945, 15848.77288845,\n",
              "       15848.77288845, 19558.651424  , 13925.13694733,  4110.09703947,\n",
              "           0.        , 12534.19506047, 12809.44720526, 12809.44720526,\n",
              "       19299.65087072,  3157.52408422, 15270.06995945, 12534.19506047,\n",
              "           0.        ,  2449.11175123,  2449.11175123, 14920.08833654,\n",
              "        1975.92219426, 15848.77288845, 12809.44720526,  2449.11175123,\n",
              "           0.        ,     0.        , 14296.094205  ,  1975.92219426,\n",
              "       15848.77288845, 12809.44720526,  2449.11175123,     0.        ,\n",
              "           0.        , 14296.094205  , 12691.39775829, 19558.651424  ,\n",
              "       19299.65087072, 14920.08833654, 14296.094205  , 14296.094205  ,\n",
              "           0.        ])"
            ]
          },
          "metadata": {
            "tags": []
          },
          "execution_count": 10
        }
      ]
    },
    {
      "cell_type": "markdown",
      "metadata": {
        "id": "-bY6G88NHPPo"
      },
      "source": [
        "**Acc Jump**"
      ]
    },
    {
      "cell_type": "code",
      "metadata": {
        "id": "P9pkk61DAMgY"
      },
      "source": [
        "dtw_acc_jump = ([    0.        , 14829.15491897, 12986.42782376,  7708.46421049,\n",
        "        4076.84240386,  3977.11243373, 13250.36862331, 10983.17121063,\n",
        "       14892.54574511, 14299.77810531, 10760.00334833, 11289.04306081,\n",
        "       10722.38032688, 14520.56983296, 14829.15491897,     0.        ,\n",
        "           0.        , 14829.15491897, 12986.42782376,  7708.46421049,\n",
        "        4076.84240386,  3977.11243373, 13250.36862331, 14829.15491897,\n",
        "           0.        ,  7118.26461695, 18231.69102728, 15130.71907549,\n",
        "       15712.80605172, 15116.1820829 , 12986.42782376,  7118.26461695,\n",
        "           0.        , 16242.84478079, 12389.5922458 , 13028.63271817,\n",
        "       14231.19211889,  7708.46421049, 18231.69102728, 16242.84478079,\n",
        "           0.        ,  9044.31104928,  8114.73716577, 13453.91952204,\n",
        "        4076.84240386, 15130.71907549, 12389.5922458 ,  9044.31104928,\n",
        "           0.        ,  4089.15431973, 14362.97202891,  3977.11243373,\n",
        "       15712.80605172, 13028.63271817,  8114.73716577,  4089.15431973,\n",
        "           0.        , 13599.61402047, 13250.36862331, 15116.1820829 ,\n",
        "       14231.19211889, 13453.91952204, 14362.97202891, 13599.61402047,\n",
        "           0.        ])"
      ],
      "execution_count": 8,
      "outputs": []
    },
    {
      "cell_type": "markdown",
      "metadata": {
        "id": "ctoueCEPHR2N"
      },
      "source": [
        "**Acc Lye**"
      ]
    },
    {
      "cell_type": "code",
      "metadata": {
        "id": "w4OTZ8RfAQRa"
      },
      "source": [
        "dtw_acc_lye = ([    0.        , 15470.15069445,  9635.83886849, 10975.85176031,\n",
        "        3103.85770831,  7033.99649456,  9117.51836155, 15470.15069445,\n",
        "           0.        , 13666.20012   , 18043.50200591, 14005.59348752,\n",
        "       17610.54798477, 12355.45566421,  9635.83886849, 13666.20012   ,\n",
        "           0.        , 11954.82799191,  8837.85382706,  7308.71788802,\n",
        "       14980.02634949, 10975.85176031, 18043.50200591, 11954.82799191,\n",
        "           0.        , 11635.57755591,  7099.3992894 , 16703.00187272,\n",
        "        3103.85770831, 14005.59348752,  8837.85382706, 11635.57755591,\n",
        "           0.        ,  7321.51868871,  8544.0977147 ,  7033.99649456,\n",
        "       17610.54798477,  7308.71788802,  7099.3992894 ,  7321.51868871,\n",
        "           0.        , 14692.71693826,  9117.51836155, 12355.45566421,\n",
        "       14980.02634949, 16703.00187272,  8544.0977147 , 14692.71693826,\n",
        "           0.        ])"
      ],
      "execution_count": 9,
      "outputs": []
    },
    {
      "cell_type": "markdown",
      "metadata": {
        "id": "s65sLkzEHViE"
      },
      "source": [
        "**Acc Stand**"
      ]
    },
    {
      "cell_type": "code",
      "metadata": {
        "id": "HxwlZsTuVQQF"
      },
      "source": [
        "dtw_acc_stand = ([    0.        , 16569.97633088, 13925.13694733,  3157.52408422,\n",
        "        1975.92219426,  1975.92219426, 12691.39775829, 16569.97633088,\n",
        "           0.        ,  4110.09703947, 15270.06995945, 15848.77288845,\n",
        "       15848.77288845, 19558.651424  , 13925.13694733,  4110.09703947,\n",
        "           0.        , 12534.19506047, 12809.44720526, 12809.44720526,\n",
        "       19299.65087072,  3157.52408422, 15270.06995945, 12534.19506047,\n",
        "           0.        ,  2449.11175123,  2449.11175123, 14920.08833654,\n",
        "        1975.92219426, 15848.77288845, 12809.44720526,  2449.11175123,\n",
        "           0.        ,     0.        , 14296.094205  ,  1975.92219426,\n",
        "       15848.77288845, 12809.44720526,  2449.11175123,     0.        ,\n",
        "           0.        , 14296.094205  , 12691.39775829, 19558.651424  ,\n",
        "       19299.65087072, 14920.08833654, 14296.094205  , 14296.094205  ,\n",
        "           0.        ])"
      ],
      "execution_count": 10,
      "outputs": []
    },
    {
      "cell_type": "markdown",
      "metadata": {
        "id": "vt34mv8WULwv"
      },
      "source": [
        "#GPS"
      ]
    },
    {
      "cell_type": "code",
      "metadata": {
        "id": "mUMMmzynYst7"
      },
      "source": [
        "df_gps_jump_chest = pd.read_csv(\"/content/gdrive/My Drive/ML4IOT/Notebook 1/Jumping/gps_jumping_csv/GPS_jumping_chest.csv\")\n",
        "df_gps_jump_head = pd.read_csv(\"/content/gdrive/My Drive/ML4IOT/Notebook 1/Jumping/gps_jumping_csv/GPS_jumping_head.csv\")\n",
        "df_gps_jump_shin = pd.read_csv(\"/content/gdrive/My Drive/ML4IOT/Notebook 1/Jumping/gps_jumping_csv/GPS_jumping_shin.csv\")\n",
        "df_gps_jump_thigh = pd.read_csv(\"/content/gdrive/My Drive/ML4IOT/Notebook 1/Jumping/gps_jumping_csv/GPS_jumping_thigh.csv\")\n",
        "df_gps_jump_upperarm = pd.read_csv(\"/content/gdrive/My Drive/ML4IOT/Notebook 1/Jumping/gps_jumping_csv/GPS_jumping_upperarm.csv\")\n",
        "df_gps_jump_waist = pd.read_csv(\"/content/gdrive/My Drive/ML4IOT/Notebook 1/Jumping/gps_jumping_csv/GPS_jumping_waist.csv\")\n",
        "df_gps_lye_chest = pd.read_csv(\"/content/gdrive/My Drive/ML4IOT/Notebook 1/Lying/gps_lying_csv/GPS_lying_chest.csv\")\n",
        "df_gps_lye_head = pd.read_csv(\"/content/gdrive/My Drive/ML4IOT/Notebook 1/Lying/gps_lying_csv/GPS_lying_head.csv\")\n",
        "df_gps_lye_shin = pd.read_csv(\"/content/gdrive/My Drive/ML4IOT/Notebook 1/Lying/gps_lying_csv/GPS_lying_shin.csv\")\n",
        "df_gps_lye_thigh = pd.read_csv(\"/content/gdrive/My Drive/ML4IOT/Notebook 1/Lying/gps_lying_csv/GPS_lying_thigh.csv\")\n",
        "df_gps_lye_upperarm = pd.read_csv(\"/content/gdrive/My Drive/ML4IOT/Notebook 1/Lying/gps_lying_csv/GPS_lying_upperarm.csv\")\n",
        "df_gps_lye_waist = pd.read_csv(\"/content/gdrive/My Drive/ML4IOT/Notebook 1/Lying/gps_lying_csv/GPS_lying_waist.csv\")\n",
        "df_gps_stand_chest = pd.read_csv(\"/content/gdrive/My Drive/ML4IOT/Notebook 1/Standing/gps_standing_csv/GPS_standing_chest.csv\")\n",
        "df_gps_stand_head = pd.read_csv(\"/content/gdrive/My Drive/ML4IOT/Notebook 1/Standing/gps_standing_csv/GPS_standing_head.csv\")\n",
        "df_gps_stand_shin = pd.read_csv(\"/content/gdrive/My Drive/ML4IOT/Notebook 1/Standing/gps_standing_csv/GPS_standing_shin.csv\")\n",
        "df_gps_stand_thigh = pd.read_csv(\"/content/gdrive/My Drive/ML4IOT/Notebook 1/Standing/gps_standing_csv/GPS_standing_thigh.csv\")\n",
        "df_gps_stand_upperarm = pd.read_csv(\"/content/gdrive/My Drive/ML4IOT/Notebook 1/Standing/gps_standing_csv/GPS_standing_upperarm.csv\")\n",
        "df_gps_stand_waist = pd.read_csv(\"/content/gdrive/My Drive/ML4IOT/Notebook 1/Standing/gps_standing_csv/GPS_standing_waist.csv\")"
      ],
      "execution_count": 11,
      "outputs": []
    },
    {
      "cell_type": "code",
      "metadata": {
        "id": "5K6nQHo7V8sD"
      },
      "source": [
        "df_gps_jump_chest = df_gps_jump_chest[['attr_lat', 'attr_lng']].values[0:999,:]\n",
        "df_gps_jump_head = df_gps_jump_head[['attr_lat', 'attr_lng']].values[0:999,:]\n",
        "df_gps_jump_shin = df_gps_jump_shin[['attr_lat', 'attr_lng']].values[0:999,:]\n",
        "df_gps_jump_thigh = df_gps_jump_thigh[['attr_lat', 'attr_lng']].values[0:999,:]\n",
        "df_gps_jump_upperarm = df_gps_jump_upperarm[['attr_lat', 'attr_lng']].values[0:999,:]\n",
        "df_gps_jump_waist = df_gps_jump_waist[['attr_lat', 'attr_lng']].values[0:999,:]\n",
        "df_gps_lye_chest = df_gps_lye_chest[['attr_lat', 'attr_lng']].values[0:999,:]\n",
        "df_gps_lye_head = df_gps_lye_head[['attr_lat', 'attr_lng']].values[0:999,:]\n",
        "df_gps_lye_shin = df_gps_lye_shin[['attr_lat', 'attr_lng']].values[0:999,:]\n",
        "df_gps_lye_thigh = df_gps_lye_thigh[['attr_lat', 'attr_lng']].values[0:999,:]\n",
        "df_gps_lye_upperarm = df_gps_lye_upperarm[['attr_lat', 'attr_lng']].values[0:999,:]\n",
        "df_gps_lye_waist = df_gps_lye_waist[['attr_lat', 'attr_lng']].values[0:999,:]\n",
        "df_gps_stand_chest = df_gps_stand_chest[['attr_lat', 'attr_lng']].values[0:999,:]\n",
        "df_gps_stand_head = df_gps_stand_head[['attr_lat', 'attr_lng']].values[0:999,:]\n",
        "df_gps_stand_shin = df_gps_stand_shin[['attr_lat', 'attr_lng']].values[0:999,:]\n",
        "df_gps_stand_thigh = df_gps_stand_thigh[['attr_lat', 'attr_lng']].values[0:999,:]\n",
        "df_gps_stand_upperarm = df_gps_stand_upperarm[['attr_lat', 'attr_lng']].values[0:999,:]\n",
        "df_gps_stand_waist = df_gps_stand_waist[['attr_lat', 'attr_lng']].values[0:999,:]"
      ],
      "execution_count": 12,
      "outputs": []
    },
    {
      "cell_type": "code",
      "metadata": {
        "id": "B_UEMJ8WagyJ"
      },
      "source": [
        "gps_jump = [df_gps_jump_chest,\n",
        "df_gps_jump_head,\n",
        "df_gps_jump_shin,\n",
        "df_gps_jump_thigh,\n",
        "df_gps_jump_upperarm,\n",
        "df_gps_jump_waist]\n",
        "gps_lye = [df_gps_lye_chest,\n",
        "df_gps_lye_head,\n",
        "df_gps_lye_shin,\n",
        "df_gps_lye_thigh,\n",
        "df_gps_lye_upperarm,\n",
        "df_gps_lye_waist]\n",
        "gps_stand = [df_gps_stand_chest,\n",
        "df_gps_stand_head,\n",
        "df_gps_stand_shin,\n",
        "df_gps_stand_thigh,\n",
        "df_gps_stand_upperarm,\n",
        "df_gps_stand_waist]"
      ],
      "execution_count": null,
      "outputs": []
    },
    {
      "cell_type": "markdown",
      "metadata": {
        "id": "OkeUD0YYf7Qx"
      },
      "source": [
        "*gps jump*"
      ]
    },
    {
      "cell_type": "code",
      "metadata": {
        "id": "EyanxiL6TqC1",
        "outputId": "1de91c91-76e8-4c0b-f06f-901e3228a46c",
        "colab": {
          "base_uri": "https://localhost:8080/",
          "height": 153
        }
      },
      "source": [
        "results4 = []\n",
        "for i in gps_jump:\n",
        "  for j in gps_jump:\n",
        "    euclidean_distance =  lambda i,j: np.linalg.norm(i-j)\n",
        "    d, cost_matrix, acc_cost_matrix, path = dtw(i, j, dist = euclidean_distance)\n",
        "    results4.append(d)\n",
        "\n",
        "np.hstack(results4)"
      ],
      "execution_count": null,
      "outputs": [
        {
          "output_type": "execute_result",
          "data": {
            "text/plain": [
              "array([0.        , 0.00075855, 0.00242251, 0.00148687, 0.00128873,\n",
              "       0.00225688, 0.00075855, 0.        , 0.00258669, 0.00123978,\n",
              "       0.00178962, 0.00148676, 0.00242251, 0.00258669, 0.        ,\n",
              "       0.00319761, 0.00137867, 0.00335171, 0.00148687, 0.00123978,\n",
              "       0.00319761, 0.        , 0.00235259, 0.00079414, 0.00128873,\n",
              "       0.00178962, 0.00137867, 0.00235259, 0.        , 0.00277712,\n",
              "       0.00225688, 0.00148676, 0.00335171, 0.00079414, 0.00277712,\n",
              "       0.        ])"
            ]
          },
          "metadata": {
            "tags": []
          },
          "execution_count": 8
        }
      ]
    },
    {
      "cell_type": "markdown",
      "metadata": {
        "id": "-enwyudyHYuw"
      },
      "source": [
        "**GPS Stand**"
      ]
    },
    {
      "cell_type": "code",
      "metadata": {
        "id": "zVkT6TcSULbr"
      },
      "source": [
        "dtw_gps_jump = ([0.        , 0.00075855, 0.00242251, 0.00148687, 0.00128873,\n",
        "       0.00225688, 0.00075855, 0.        , 0.00258669, 0.00123978,\n",
        "       0.00178962, 0.00148676, 0.00242251, 0.00258669, 0.        ,\n",
        "       0.00319761, 0.00137867, 0.00335171, 0.00148687, 0.00123978,\n",
        "       0.00319761, 0.        , 0.00235259, 0.00079414, 0.00128873,\n",
        "       0.00178962, 0.00137867, 0.00235259, 0.        , 0.00277712,\n",
        "       0.00225688, 0.00148676, 0.00335171, 0.00079414, 0.00277712,\n",
        "       0.        ])"
      ],
      "execution_count": 13,
      "outputs": []
    },
    {
      "cell_type": "code",
      "metadata": {
        "id": "BmDdPksKgCTo",
        "outputId": "dfbcd840-bc7e-450e-a5ac-f38b52421552",
        "colab": {
          "base_uri": "https://localhost:8080/",
          "height": 170
        }
      },
      "source": [
        "results5 = []\n",
        "for i in gps_lye:\n",
        "  for j in gps_lye:\n",
        "    euclidean_distance =  lambda i,j: np.linalg.norm(i-j)\n",
        "    d, cost_matrix, acc_cost_matrix, path = dtw(i, j, dist = euclidean_distance)\n",
        "    results5.append(d)\n",
        "\n",
        "np.hstack(results5)"
      ],
      "execution_count": null,
      "outputs": [
        {
          "output_type": "execute_result",
          "data": {
            "text/plain": [
              "array([0.00000000e+00, 9.39927465e-03, 2.36757244e-04, 9.45357958e-05,\n",
              "       4.08372149e-04, 4.28114564e-04, 9.39927465e-03, 0.00000000e+00,\n",
              "       9.21818637e-03, 9.37042825e-03, 9.02881663e-03, 9.00038468e-03,\n",
              "       2.36757244e-04, 9.21818637e-03, 0.00000000e+00, 2.37634712e-04,\n",
              "       1.91183383e-04, 3.56466489e-04, 9.45357958e-05, 9.37042825e-03,\n",
              "       2.37634712e-04, 0.00000000e+00, 3.95494020e-04, 4.29875892e-04,\n",
              "       4.08372149e-04, 9.02881663e-03, 1.91183383e-04, 3.95494020e-04,\n",
              "       0.00000000e+00, 1.78271220e-04, 4.28114564e-04, 9.00038468e-03,\n",
              "       3.56466489e-04, 4.29875892e-04, 1.78271220e-04, 0.00000000e+00])"
            ]
          },
          "metadata": {
            "tags": []
          },
          "execution_count": 9
        }
      ]
    },
    {
      "cell_type": "markdown",
      "metadata": {
        "id": "Gm9dtwI6HcaA"
      },
      "source": [
        "**GPS Lye**"
      ]
    },
    {
      "cell_type": "code",
      "metadata": {
        "id": "wxF_Y9M_gNqv"
      },
      "source": [
        "dtw_gps_lye = ([0.00000000e+00, 9.39927465e-03, 2.36757244e-04, 9.45357958e-05,\n",
        "       4.08372149e-04, 4.28114564e-04, 9.39927465e-03, 0.00000000e+00,\n",
        "       9.21818637e-03, 9.37042825e-03, 9.02881663e-03, 9.00038468e-03,\n",
        "       2.36757244e-04, 9.21818637e-03, 0.00000000e+00, 2.37634712e-04,\n",
        "       1.91183383e-04, 3.56466489e-04, 9.45357958e-05, 9.37042825e-03,\n",
        "       2.37634712e-04, 0.00000000e+00, 3.95494020e-04, 4.29875892e-04,\n",
        "       4.08372149e-04, 9.02881663e-03, 1.91183383e-04, 3.95494020e-04,\n",
        "       0.00000000e+00, 1.78271220e-04, 4.28114564e-04, 9.00038468e-03,\n",
        "       3.56466489e-04, 4.29875892e-04, 1.78271220e-04, 0.00000000e+00])"
      ],
      "execution_count": 14,
      "outputs": []
    },
    {
      "cell_type": "code",
      "metadata": {
        "id": "H5yzvEqOgqmH",
        "outputId": "cb028bd6-28e9-423c-ad6e-a4f94684e3cd",
        "colab": {
          "base_uri": "https://localhost:8080/",
          "height": 153
        }
      },
      "source": [
        "results6 = []\n",
        "for i in gps_stand:\n",
        "  for j in gps_stand:\n",
        "    euclidean_distance =  lambda i,j: np.linalg.norm(i-j)\n",
        "    d, cost_matrix, acc_cost_matrix, path = dtw(i, j, dist = euclidean_distance)\n",
        "    results6.append(d)\n",
        "\n",
        "np.hstack(results6)"
      ],
      "execution_count": null,
      "outputs": [
        {
          "output_type": "execute_result",
          "data": {
            "text/plain": [
              "array([0.        , 0.00585401, 0.00555214, 0.00733219, 0.00737638,\n",
              "       0.01268741, 0.00585401, 0.        , 0.00413158, 0.00862214,\n",
              "       0.01055736, 0.00899989, 0.00555214, 0.00413158, 0.        ,\n",
              "       0.003385  , 0.0056079 , 0.00727778, 0.00733219, 0.00862214,\n",
              "       0.003385  , 0.        , 0.00497078, 0.01207812, 0.00737638,\n",
              "       0.01055736, 0.0056079 , 0.00497078, 0.        , 0.01374157,\n",
              "       0.01268741, 0.00899989, 0.00727778, 0.01207812, 0.01374157,\n",
              "       0.        ])"
            ]
          },
          "metadata": {
            "tags": []
          },
          "execution_count": 10
        }
      ]
    },
    {
      "cell_type": "markdown",
      "metadata": {
        "id": "eHxKMyeqHgEO"
      },
      "source": [
        "**GPS Stand**"
      ]
    },
    {
      "cell_type": "code",
      "metadata": {
        "id": "z2vOk-0ag0Si"
      },
      "source": [
        "dtw_gps_stand = ([0.        , 0.00585401, 0.00555214, 0.00733219, 0.00737638,\n",
        "       0.01268741, 0.00585401, 0.        , 0.00413158, 0.00862214,\n",
        "       0.01055736, 0.00899989, 0.00555214, 0.00413158, 0.        ,\n",
        "       0.003385  , 0.0056079 , 0.00727778, 0.00733219, 0.00862214,\n",
        "       0.003385  , 0.        , 0.00497078, 0.01207812, 0.00737638,\n",
        "       0.01055736, 0.0056079 , 0.00497078, 0.        , 0.01374157,\n",
        "       0.01268741, 0.00899989, 0.00727778, 0.01207812, 0.01374157,\n",
        "       0.        ])"
      ],
      "execution_count": 15,
      "outputs": []
    },
    {
      "cell_type": "markdown",
      "metadata": {
        "id": "8GLsr-xmg4gM"
      },
      "source": [
        "#Gyroscope"
      ]
    },
    {
      "cell_type": "code",
      "metadata": {
        "id": "bCj7lZkJhITb"
      },
      "source": [
        "df_gyr_jump_chest = pd.read_csv(\"/content/gdrive/My Drive/ML4IOT/Notebook 1/Jumping/gyr_jumping_csv/Gyroscope_jumping_chest.csv\")\n",
        "df_gyr_jump_forearm = pd.read_csv(\"/content/gdrive/My Drive/ML4IOT/Notebook 1/Jumping/gyr_jumping_csv/Gyroscope_jumping_forearm.csv\")\n",
        "df_gyr_jump_head = pd.read_csv(\"/content/gdrive/My Drive/ML4IOT/Notebook 1/Jumping/gyr_jumping_csv/Gyroscope_jumping_head.csv\")\n",
        "df_gyr_jump_shin = pd.read_csv(\"/content/gdrive/My Drive/ML4IOT/Notebook 1/Jumping/gyr_jumping_csv/Gyroscope_jumping_shin.csv\")\n",
        "df_gyr_jump_thigh = pd.read_csv(\"/content/gdrive/My Drive/ML4IOT/Notebook 1/Jumping/gyr_jumping_csv/Gyroscope_jumping_thigh.csv\")\n",
        "df_gyr_jump_upperarm = pd.read_csv(\"/content/gdrive/My Drive/ML4IOT/Notebook 1/Jumping/gyr_jumping_csv/Gyroscope_jumping_upperarm.csv\")\n",
        "df_gyr_jump_waist = pd.read_csv(\"/content/gdrive/My Drive/ML4IOT/Notebook 1/Jumping/gyr_jumping_csv/Gyroscope_jumping_waist.csv\")\n",
        "\n",
        "df_gyr_lye_chest = pd.read_csv(\"/content/gdrive/My Drive/ML4IOT/Notebook 1/Lying/gyr_lying_csv/Gyroscope_lying_chest.csv\")\n",
        "df_gyr_lye_forearm = pd.read_csv(\"/content/gdrive/My Drive/ML4IOT/Notebook 1/Lying/gyr_lying_csv/Gyroscope_lying_forearm.csv\")\n",
        "df_gyr_lye_head = pd.read_csv(\"/content/gdrive/My Drive/ML4IOT/Notebook 1/Lying/gyr_lying_csv/Gyroscope_lying_head.csv\")\n",
        "df_gyr_lye_shin = pd.read_csv(\"/content/gdrive/My Drive/ML4IOT/Notebook 1/Lying/gyr_lying_csv/Gyroscope_lying_shin.csv\")\n",
        "df_gyr_lye_thigh = pd.read_csv(\"/content/gdrive/My Drive/ML4IOT/Notebook 1/Lying/gyr_lying_csv/Gyroscope_lying_thigh.csv\")\n",
        "df_gyr_lye_upperarm = pd.read_csv(\"/content/gdrive/My Drive/ML4IOT/Notebook 1/Lying/gyr_lying_csv/Gyroscope_lying_upperarm.csv\")\n",
        "df_gyr_lye_waist = pd.read_csv(\"/content/gdrive/My Drive/ML4IOT/Notebook 1/Lying/gyr_lying_csv/Gyroscope_lying_waist.csv\")\n",
        "\n",
        "df_gyr_stand_chest = pd.read_csv(\"/content/gdrive/My Drive/ML4IOT/Notebook 1/Standing/gyr_standing_csv/Gyroscope_standing_chest.csv\")\n",
        "df_gyr_stand_forearm = pd.read_csv(\"/content/gdrive/My Drive/ML4IOT/Notebook 1/Standing/gyr_standing_csv/Gyroscope_standing_forearm.csv\")\n",
        "df_gyr_stand_head = pd.read_csv(\"/content/gdrive/My Drive/ML4IOT/Notebook 1/Standing/gyr_standing_csv/Gyroscope_standing_head.csv\")\n",
        "df_gyr_stand_shin = pd.read_csv(\"/content/gdrive/My Drive/ML4IOT/Notebook 1/Standing/gyr_standing_csv/Gyroscope_standing_shin.csv\")\n",
        "df_gyr_stand_thigh = pd.read_csv(\"/content/gdrive/My Drive/ML4IOT/Notebook 1/Standing/gyr_standing_csv/Gyroscope_standing_thigh.csv\")\n",
        "df_gyr_stand_upperarm = pd.read_csv(\"/content/gdrive/My Drive/ML4IOT/Notebook 1/Standing/gyr_standing_csv/Gyroscope_standing_upperarm.csv\")\n",
        "df_gyr_stand_waist = pd.read_csv(\"/content/gdrive/My Drive/ML4IOT/Notebook 1/Standing/gyr_standing_csv/Gyroscope_standing_waist.csv\")\n"
      ],
      "execution_count": null,
      "outputs": []
    },
    {
      "cell_type": "code",
      "metadata": {
        "id": "88P_YtBYi73H"
      },
      "source": [
        "df_gyr_jump_chest = df_gyr_jump_chest[['attr_x', 'attr_y', 'attr_z']].values[0:999,:]\n",
